body:
  arm_length: 52.2577
  arm_pose_angle: 35.0303
  armscye_depth: 13.4189
  back_width: 49.8926
  bum_points: 18.1507
  bust: 104.914
  bust_line: 27.0644
  bust_points: 18.1068
  crotch_hip_diff: 8.99534
  head_l: 26.1795
  height: 173.883
  hip_back_width: 55.575
  hip_inclination: 7.64095
  hips: 103.96
  hips_line: 24.5371
  leg_circ: 59.7824
  neck_w: 19.5595
  shoulder_incl: 20.9476
  shoulder_w: 36.2521
  underbust: 92.1351
  vert_bust_line: 21.7005
  waist: 91.5373
  waist_back_width: 41.897
  waist_line: 37.7784
  waist_over_bust_line: 42.4355
  wrist: 16.9995
