body:
  arm_length: 54.074
  arm_pose_angle: 42.7677
  armscye_depth: 12.9158
  back_width: 46.6526
  bum_points: 18.1159
  bust: 98.9956
  bust_line: 25.9727
  bust_points: 16.5406
  crotch_hip_diff: 8.96927
  head_l: 26.3236
  height: 176.722
  hip_back_width: 54.8775
  hip_inclination: 9.52034
  hips: 101.769
  hips_line: 23.9949
  leg_circ: 58.514
  neck_w: 18.5065
  shoulder_incl: 18.094
  shoulder_w: 36.3302
  underbust: 85.7285
  vert_bust_line: 20.8401
  waist: 83.4233
  waist_back_width: 38.4318
  waist_line: 37.3989
  waist_over_bust_line: 41.5373
  wrist: 16.3144
