body:
  arm_length: 55.2562
  arm_pose_angle: 33.5311
  armscye_depth: 12.9473
  back_width: 47.5837
  bum_points: 17.431
  bust: 100.433
  bust_line: 25.7819
  bust_points: 16.8043
  crotch_hip_diff: 8.72875
  head_l: 27.2648
  height: 178.801
  hip_back_width: 55.8749
  hip_inclination: 9.58794
  hips: 104.401
  hips_line: 24.5848
  leg_circ: 60.0022
  neck_w: 19.186
  shoulder_incl: 21.2299
  shoulder_w: 36.7241
  underbust: 86.9946
  vert_bust_line: 21.2846
  waist: 85.1789
  waist_back_width: 39.0701
  waist_line: 38.27
  waist_over_bust_line: 41.497
  wrist: 16.8195
